shape_id,shape_pt_lat,shape_pt_lon,shape_pt_sequence
Ida,41.6446989,-4.732906,0
Ida,41.6445532,-4.7325984,1
Ida,41.6444049,-4.7319171,2
Ida,41.6443167,-4.7314772,3
Ida,41.6441644,-4.7314343,4
Ida,41.6437074,-4.7316113,5
Ida,41.6429417,-4.7319708,6
Ida,41.6427252,-4.7320512,7
Ida,41.6424245,-4.7320351,8
Ida,41.64218,-4.7318527,9
Ida,41.6419154,-4.7317669,10
Ida,41.6415145,-4.7316274,11
Ida,41.6413622,-4.731547,12
Ida,41.6412419,-4.7315094,13
Ida,41.6411978,-4.7316113,14
Ida,41.6411737,-4.7318313,15
Ida,41.6411497,-4.7321531,16
Ida,41.6411497,-4.7324321,17
Ida,41.6412499,-4.7324857,18
Ida,41.6414464,-4.7324965,19
Ida,41.6415426,-4.7326252,20
Ida,41.6416428,-4.7328988,21
Ida,41.6416989,-4.7332528,22
Ida,41.6417751,-4.7334299,23
Ida,41.6418573,-4.7334772,24
Ida,41.6417671,-4.7335372,25
Ida,41.6416588,-4.7334406,26
Ida,41.6416388,-4.7333333,27
Ida,41.6416147,-4.7331938,28
Ida,41.6415827,-4.7329471,29
Ida,41.6414824,-4.7326574,30
Ida,41.6413742,-4.7325608,31
Ida,41.6411778,-4.7325394,32
Ida,41.6411256,-4.7326735,33
Ida,41.6411096,-4.7329846,34
Ida,41.6410815,-4.7335908,35
Ida,41.6410415,-4.7341487,36
Ida,41.6410014,-4.7346851,37
Ida,41.6409212,-4.7362355,38
Ida,41.6408731,-4.7373513,39
Ida,41.6408049,-4.7376678,40
Ida,41.6406646,-4.7377965,41
Ida,41.6401515,-4.7380004,42
Ida,41.6397025,-4.7381881,43
Ida,41.6391692,-4.7382579,44
Ida,41.639069,-4.7384832,45
Ida,41.6387042,-4.7386441,46
Ida,41.6381108,-4.738746,47
Ida,41.6375816,-4.7391644,48
Ida,41.6371968,-4.7392127,49
Ida,41.6370215,-4.7393066,50
Ida,41.63688,-4.7393307,51
Ida,41.6366716,-4.7393736,52
Ida,41.6363668,-4.7394863,53
Ida,41.6361143,-4.7395453,54
Ida,41.6358136,-4.7396419,55
Ida,41.6354728,-4.7397223,56
Ida,41.6350799,-4.7398135,57
Ida,41.634266,-4.7399959,58
Ida,41.6338209,-4.7400764,59
Ida,41.6334721,-4.7401247,60
Ida,41.6329108,-4.7402266,61
Ida,41.6328146,-4.7403124,62
Ida,41.6328466,-4.7404734,63
Ida,41.6329108,-4.7408864,64
Ida,41.6330391,-4.7420988,65
Ida,41.6331674,-4.7431234,66
Ida,41.6332596,-4.7438959,67
Ida,41.6333558,-4.7448775,68
Ida,41.6334721,-4.7457949,69
Ida,41.6335323,-4.7466532,70
Ida,41.6335523,-4.7470072,71
Ida,41.6336285,-4.7474364,72
Ida,41.6336525,-4.7476027,73
Ida,41.6336766,-4.7477958,74
Ida,41.6336966,-4.7483966,75
Ida,41.6337608,-4.7489867,76
Ida,41.6338209,-4.7492227,77
Ida,41.6339051,-4.7493837,78
Ida,41.6340134,-4.7494319,79
Ida,41.6341136,-4.7494588,80
Ida,41.6341778,-4.7495607,81
Ida,41.6341778,-4.7497323,82
Ida,41.6341417,-4.7499416,83
Ida,41.6340214,-4.7500435,84
Ida,41.6338731,-4.7500757,85
Ida,41.6337448,-4.7500488,86
Ida,41.6335723,-4.7501776,87
Ida,41.6333598,-4.750478,88
Ida,41.6330712,-4.7508642,89
Ida,41.6328386,-4.7511432,90
Ida,41.6324778,-4.7515562,91
Ida,41.6321129,-4.7519049,92
Ida,41.6317561,-4.7522322,93
Ida,41.6314313,-4.7525433,94
Ida,41.6312228,-4.7528437,95
Ida,41.6309702,-4.75301,96
Ida,41.6306494,-4.7532192,97
Ida,41.6303888,-4.7536162,98
Ida,41.6300079,-4.7539649,99
Ida,41.6297072,-4.7543404,100
Ida,41.6293102,-4.7548768,101
Ida,41.6289814,-4.7554025,102
Ida,41.6287809,-4.7558317,103
Ida,41.6285804,-4.7562984,104
Ida,41.6283439,-4.7569368,105
Ida,41.6282075,-4.7573498,106
Ida,41.6279629,-4.7580204,107
Ida,41.6279589,-4.7582296,108
Ida,41.6279509,-4.7585729,109
Ida,41.627995,-4.7588304,110
Ida,41.6280993,-4.7590289,111
Ida,41.6282837,-4.7593454,112
Ida,41.6284722,-4.7595063,113
Ida,41.6289774,-4.759855,114
Ida,41.6291338,-4.7599891,115
Ida,41.6293944,-4.760193,116
Ida,41.6295869,-4.7603593,117
Ida,41.6297072,-4.7604344,118
Ida,41.6298756,-4.7604183,119
Ida,41.630044,-4.7603271,120
Ida,41.630465,-4.7596351,121
Ida,41.6305452,-4.7595331,122
Ida,41.6306895,-4.7597316,123
Ida,41.6309702,-4.7601071,124
Ida,41.6312749,-4.7606007,125
Ida,41.6315195,-4.7610674,126
Ida,41.6317721,-4.7617272,127
Ida,41.6319285,-4.7621402,128
Ida,41.6320568,-4.7627411,129
Ida,41.6320861,-4.7629816,130
Ida,41.6322412,-4.7639051,131
Ida,41.6323214,-4.764683,132
Ida,41.6324337,-4.765772,133
Ida,41.6324657,-4.7661099,134
Ida,41.6324617,-4.7663781,135
Ida,41.6323214,-4.7664264,136
Ida,41.6320247,-4.766464,137
Ida,41.6318002,-4.7665283,138
Ida,41.6316278,-4.7666356,139
Ida,41.6315195,-4.7667751,140
Ida,41.6314553,-4.7670219,141
Ida,41.6314914,-4.767333,142
Ida,41.6316318,-4.7687009,143
Ida,41.631728,-4.7692374,144
Ida,41.6318723,-4.7697684,145
Ida,41.6320648,-4.7703907,146
Ida,41.6322252,-4.770793,147
Ida,41.6324738,-4.7711846,148
Ida,41.6327143,-4.7716138,149
Ida,41.6330271,-4.7721449,150
Ida,41.6332757,-4.772633,151
Ida,41.6335242,-4.7730837,152
Ida,41.6337889,-4.7735128,153
Ida,41.6339372,-4.7737113,154
Ida,41.6340414,-4.7737918,155
Ida,41.6341778,-4.7738025,156
Ida,41.634282,-4.7738561,157
Ida,41.6343462,-4.7739795,158
Ida,41.6343662,-4.7741834,159
Ida,41.6343261,-4.7743604,160
Ida,41.6343782,-4.7745481,161
Ida,41.6344624,-4.7747198,162
Ida,41.6345827,-4.7750363,163
Ida,41.634687,-4.775385,164
Ida,41.6347952,-4.7757927,165
Ida,41.6349035,-4.7762379,166
Ida,41.6349917,-4.7765276,167
Ida,41.635152,-4.7767797,168
Ida,41.6352964,-4.7768656,169
Ida,41.6354167,-4.7770104,170
Ida,41.6354327,-4.7773054,171
Ida,41.6353806,-4.7774825,172
Ida,41.6353164,-4.7776756,173
Ida,41.6353244,-4.7779706,174
Ida,41.6353445,-4.7784695,175
Ida,41.6353525,-4.7788665,176
Ida,41.6352362,-4.7803632,177
Ida,41.635136,-4.7815594,178
Ida,41.6350678,-4.7822944,179
Ida,41.6349917,-4.7829059,180
Ida,41.6347671,-4.7838232,181
Ida,41.6346228,-4.7844455,182
Ida,41.6344143,-4.7851321,183
Ida,41.6343021,-4.7854969,184
Ida,41.634286,-4.7856793,185
Ida,41.6343141,-4.7859475,186
Ida,41.634266,-4.7861192,187
Ida,41.6341096,-4.7862908,188
Ida,41.6339332,-4.7863016,189
Ida,41.6338129,-4.7861836,190
Ida,41.6337006,-4.7859904,191
Ida,41.6336445,-4.7857544,192
Ida,41.6334962,-4.7856686,193
Ida,41.6332556,-4.7855184,194
Ida,41.6330391,-4.7853682,195
Ida,41.6326542,-4.7851375,196
Ida,41.6324096,-4.7850088,197
Ida,41.632161,-4.7848693,198
Ida,41.6319966,-4.7847888,199
Ida,41.6318603,-4.7848156,200
Ida,41.63172,-4.7848746,201
Ida,41.6315836,-4.7849819,202
Ida,41.6314794,-4.7852126,203
Ida,41.6314112,-4.7854969,204
Ida,41.6312549,-4.7863338,205
Ida,41.6311987,-4.786543,206
Ida,41.6312629,-4.786661,207
Ida,41.6312789,-4.786779,208
Ida,41.6312388,-4.7869453,209
Ida,41.6311226,-4.7870204,210
Ida,41.6310223,-4.7869829,211
Ida,41.6309461,-4.7868809,212
Ida,41.6308178,-4.786838,213
Ida,41.630493,-4.7868058,214
Ida,41.6300841,-4.786779,215
Ida,41.6299237,-4.7867844,216
Ida,41.6298355,-4.7868595,217
Ida,41.6298325,-4.7869855,218
Ida,41.6298435,-4.7872202,219
Ida,41.6298716,-4.7873664,220
Ida,41.6298635,-4.7875488,221
Ida,41.6298425,-4.7877352,222
Ida,41.6298154,-4.7879417,223
Ida,41.6297623,-4.7881952,224
Ida,41.6297042,-4.7883709,225
Ida,41.629651,-4.7885345,226
Ida,41.6295989,-4.7886995,227
Ida,41.6295919,-4.7887679,228
Ida,41.6296019,-4.7888457,229
Ida,41.6296069,-4.7889181,230
Ida,41.6295969,-4.7889972,231
Ida,41.6295658,-4.7890575,232
Ida,41.6295277,-4.789083,233
Ida,41.6294706,-4.7890871,234
Ida,41.6294004,-4.7890562,235
Ida,41.6293603,-4.7890012,236
Ida,41.6292922,-4.788961,237
Ida,41.6291959,-4.7889342,238
Ida,41.6290877,-4.7889288,239
Ida,41.6289864,-4.7889087,240
Ida,41.6288651,-4.788902,241
Ida,41.6287899,-4.7888872,242
Ida,41.6286757,-4.7888658,243
Ida,41.6286095,-4.7888644,244
Ida,41.6285243,-4.7888993,245
Ida,41.6284982,-4.7890428,246
Ida,41.6284481,-4.7891876,247
Ida,41.6284261,-4.7892346,248
Ida,41.628381,-4.7892507,249
Ida,41.6283559,-4.789185,250
Ida,41.6283138,-4.78902,251
Ida,41.6282336,-4.7886069,252
Ida,41.6281905,-4.7884353,253
Ida,41.6281564,-4.7882542,254
Ida,41.6281364,-4.7881402,255
Ida,41.6281323,-4.7880745,256
Ida,41.6281323,-4.7879632,257
Ida,41.6281123,-4.7879096,258
Ida,41.6281083,-4.7878479,259
Ida,41.6281252,-4.7877874,260
Vuelta,41.6281217,-4.7877847,0
Vuelta,41.6281239,-4.7876815,1
Vuelta,41.6281479,-4.7875796,2
Vuelta,41.628162,-4.7874911,3
Vuelta,41.62818,-4.7873865,4
Vuelta,41.6282442,-4.7872336,5
Vuelta,41.6285168,-4.7867454,6
Vuelta,41.6286191,-4.7865496,7
Vuelta,41.6286792,-4.7865469,8
Vuelta,41.6287313,-4.7865791,9
Vuelta,41.6294411,-4.7866435,10
Vuelta,41.6295513,-4.7866542,11
Vuelta,41.6296115,-4.7866462,12
Vuelta,41.6296616,-4.7866113,13
Vuelta,41.6296997,-4.7865603,14
Vuelta,41.6297318,-4.7865282,15
Vuelta,41.6297779,-4.7865148,16
Vuelta,41.62983,-4.7865174,17
Vuelta,41.6298841,-4.7865362,18
Vuelta,41.6299262,-4.7865899,19
Vuelta,41.6299603,-4.7866569,20
Vuelta,41.6300024,-4.7867052,21
Vuelta,41.6300465,-4.7867293,22
Vuelta,41.6300926,-4.7867374,23
Vuelta,41.6301648,-4.7867454,24
Vuelta,41.6303613,-4.7867615,25
Vuelta,41.6308063,-4.7867883,26
Vuelta,41.6308685,-4.7867883,27
Vuelta,41.6309246,-4.7867776,28
Vuelta,41.6309647,-4.7867508,29
Vuelta,41.6309868,-4.7866864,30
Vuelta,41.6310209,-4.7866328,31
Vuelta,41.631077,-4.786563,32
Vuelta,41.6311592,-4.7865013,33
Vuelta,41.6311913,-4.7862599,34
Vuelta,41.6314699,-4.7849644,35
Vuelta,41.631486,-4.7848679,36
Vuelta,41.631486,-4.7848196,37
Vuelta,41.6314659,-4.7847579,38
Vuelta,41.6314318,-4.7846533,39
Vuelta,41.6314158,-4.7845085,40
Vuelta,41.6314318,-4.7843904,41
Vuelta,41.6314679,-4.7842832,42
Vuelta,41.6315281,-4.7841973,43
Vuelta,41.6316022,-4.7841517,44
Vuelta,41.6316844,-4.7841383,45
Vuelta,41.6317446,-4.7841249,46
Vuelta,41.6318248,-4.784149,47
Vuelta,41.6318729,-4.7842188,48
Vuelta,41.631923,-4.7842992,49
Vuelta,41.6319611,-4.7844119,50
Vuelta,41.6319892,-4.7845219,51
Vuelta,41.6320593,-4.7846372,52
Vuelta,41.6321235,-4.7846962,53
Vuelta,41.6322498,-4.7847713,54
Vuelta,41.6331299,-4.7852943,55
Vuelta,41.633619,-4.7856001,56
Vuelta,41.6336852,-4.785635,57
Vuelta,41.6337694,-4.7856296,58
Vuelta,41.6338415,-4.7855653,59
Vuelta,41.6339317,-4.785517,60
Vuelta,41.634054,-4.7854687,61
Vuelta,41.6341543,-4.7854285,62
Vuelta,41.6342525,-4.7853265,63
Vuelta,41.6343267,-4.7851415,64
Vuelta,41.6346113,-4.784141,65
Vuelta,41.6346955,-4.7837574,66
Vuelta,41.6348098,-4.7832237,67
Vuelta,41.634914,-4.7827436,68
Vuelta,41.6349802,-4.7823493,69
Vuelta,41.6350203,-4.7819925,70
Vuelta,41.6350904,-4.781145,71
Vuelta,41.6351426,-4.7803886,72
Vuelta,41.6352047,-4.7797744,73
Vuelta,41.6352448,-4.7791333,74
Vuelta,41.6352689,-4.7786693,75
Vuelta,41.6352849,-4.7783528,76
Vuelta,41.6352729,-4.778106,77
Vuelta,41.6352468,-4.7779558,78
Vuelta,41.6351867,-4.7778056,79
Vuelta,41.6351385,-4.7777064,80
Vuelta,41.6350824,-4.7776554,81
Vuelta,41.6350163,-4.7776232,82
Vuelta,41.6349301,-4.7775857,83
Vuelta,41.6348699,-4.7775159,84
Vuelta,41.6348198,-4.7773979,85
Vuelta,41.6347978,-4.7772772,86
Vuelta,41.6348158,-4.7770814,87
Vuelta,41.6348659,-4.7769259,88
Vuelta,41.634898,-4.7768159,89
Vuelta,41.634908,-4.7766791,90
Vuelta,41.634882,-4.7765289,91
Vuelta,41.6344509,-4.7750161,92
Vuelta,41.6344008,-4.774882,93
Vuelta,41.6343487,-4.7747613,94
Vuelta,41.6342745,-4.7746057,95
Vuelta,41.6342184,-4.774528,96
Vuelta,41.6341683,-4.7745226,97
Vuelta,41.6341041,-4.7745333,98
Vuelta,41.634034,-4.774528,99
Vuelta,41.6339418,-4.774477,100
Vuelta,41.6338636,-4.7744099,101
Vuelta,41.6338295,-4.7743268,102
Vuelta,41.6338115,-4.774198,103
Vuelta,41.6338155,-4.7740371,104
Vuelta,41.6338115,-4.7739459,105
Vuelta,41.6337934,-4.7738225,106
Vuelta,41.6337433,-4.7736831,107
Vuelta,41.6336671,-4.7735436,108
Vuelta,41.6325244,-4.7714944,109
Vuelta,41.632326,-4.7711564,110
Vuelta,41.6321936,-4.770907,111
Vuelta,41.6320814,-4.7706522,112
Vuelta,41.631925,-4.7703169,113
Vuelta,41.6318348,-4.7700433,114
Vuelta,41.6317205,-4.7696893,115
Vuelta,41.6316243,-4.7692681,116
Vuelta,41.6315702,-4.7689221,117
Vuelta,41.6315341,-4.7687102,118
Vuelta,41.631508,-4.7684554,119
Vuelta,41.6314799,-4.7681363,120
Vuelta,41.6314499,-4.7678493,121
Vuelta,41.6313857,-4.7672833,122
Vuelta,41.6313597,-4.7670205,123
Vuelta,41.6313296,-4.7669212,124
Vuelta,41.6312835,-4.7668273,125
Vuelta,41.6312273,-4.7667791,126
Vuelta,41.6311792,-4.766704,127
Vuelta,41.6311512,-4.7666396,128
Vuelta,41.6311231,-4.7665189,129
Vuelta,41.6311391,-4.7664035,130
Vuelta,41.6311812,-4.7662963,131
Vuelta,41.6312454,-4.7662265,132
Vuelta,41.6313376,-4.7661782,133
Vuelta,41.6314398,-4.766197,134
Vuelta,41.6315501,-4.7662641,135
Vuelta,41.6316564,-4.7663338,136
Vuelta,41.6317626,-4.7663553,137
Vuelta,41.6318528,-4.7663445,138
Vuelta,41.6321195,-4.7662855,139
Vuelta,41.6323059,-4.7662641,140
Vuelta,41.6323741,-4.7662346,141
Vuelta,41.6324102,-4.7661675,142
Vuelta,41.6324302,-4.7660736,143
Vuelta,41.6324262,-4.7659208,144
Vuelta,41.6324001,-4.7655694,145
Vuelta,41.6322518,-4.7641612,146
Vuelta,41.6321796,-4.7634531,147
Vuelta,41.6321355,-4.7632198,148
Vuelta,41.6320826,-4.7629789,149
Vuelta,41.6320333,-4.7627236,150
Vuelta,41.631933,-4.7623078,151
Vuelta,41.6317165,-4.7616212,152
Vuelta,41.6315661,-4.7612483,153
Vuelta,41.6313496,-4.7608111,154
Vuelta,41.6312073,-4.7605376,155
Vuelta,41.6308845,-4.7600413,156
Vuelta,41.63066,-4.7597248,157
Vuelta,41.6305878,-4.7596658,158
Vuelta,41.6305317,-4.7596712,159
Vuelta,41.6304776,-4.759698,160
Vuelta,41.6304314,-4.759757,161
Vuelta,41.6301788,-4.7601406,162
Vuelta,41.6300666,-4.7602988,163
Vuelta,41.6300084,-4.7604115,164
Vuelta,41.6299924,-4.7605107,165
Vuelta,41.6299924,-4.7606127,166
Vuelta,41.6299984,-4.760736,167
Vuelta,41.6299804,-4.7608085,168
Vuelta,41.6299182,-4.7608755,169
Vuelta,41.6298721,-4.7608862,170
Vuelta,41.629842,-4.7608594,171
Vuelta,41.6297919,-4.7608004,172
Vuelta,41.6297097,-4.7606958,173
Vuelta,41.6294952,-4.7604678,174
Vuelta,41.6292907,-4.7602506,175
Vuelta,41.6290361,-4.7600574,176
Vuelta,41.6286712,-4.7597919,177
Vuelta,41.6283645,-4.7595559,178
Vuelta,41.6282261,-4.7594459,179
Vuelta,41.6280637,-4.7593735,180
Vuelta,41.6279294,-4.759352,181
Vuelta,41.627781,-4.759344,182
Vuelta,41.6276808,-4.7593735,183
Vuelta,41.6275545,-4.7593949,184
Vuelta,41.6274562,-4.7593923,185
Vuelta,41.6273941,-4.7593788,186
Vuelta,41.6273841,-4.7593359,187
Vuelta,41.6273941,-4.7592635,188
Vuelta,41.6274302,-4.7591696,189
Vuelta,41.6279294,-4.75774,190
Vuelta,41.6282622,-4.7567959,191
Vuelta,41.6284266,-4.7563131,192
Vuelta,41.6285148,-4.7560878,193
Vuelta,41.628593,-4.7559188,194
Vuelta,41.6286792,-4.7557418,195
Vuelta,41.6289679,-4.7551275,196
Vuelta,41.6291965,-4.7547789,197
Vuelta,41.6295172,-4.7543175,198
Vuelta,41.6299583,-4.7537891,199
Vuelta,41.630233,-4.7535021,200
Vuelta,41.6304776,-4.7532795,201
Vuelta,41.631067,-4.752684,202
Vuelta,41.6317606,-4.751992,203
Vuelta,41.6324362,-4.7513242,204
Vuelta,41.6328171,-4.7509272,205
Vuelta,41.6329775,-4.7507582,206
Vuelta,41.6330216,-4.7506751,207
Vuelta,41.6330737,-4.7505973,208
Vuelta,41.6331579,-4.7504685,209
Vuelta,41.6332622,-4.7503371,210
Vuelta,41.6334105,-4.7501333,211
Vuelta,41.6335168,-4.7499938,212
Vuelta,41.6335569,-4.7499133,213
Vuelta,41.633611,-4.7498087,214
Vuelta,41.6336611,-4.7496907,215
Vuelta,41.6337052,-4.7495405,216
Vuelta,41.6337192,-4.7493635,217
Vuelta,41.6337152,-4.749173,218
Vuelta,41.6337032,-4.7489182,219
Vuelta,41.6336811,-4.7485561,220
Vuelta,41.633625,-4.7481216,221
Vuelta,41.6335769,-4.7478158,222
Vuelta,41.6335669,-4.7476683,223
Vuelta,41.6335388,-4.7476093,224
Vuelta,41.6335148,-4.7474457,225
Vuelta,41.6334927,-4.7472848,226
Vuelta,41.6335027,-4.747156,227
Vuelta,41.6334947,-4.7469388,228
Vuelta,41.6334466,-4.7464962,229
Vuelta,41.6333845,-4.7459571,230
Vuelta,41.633182,-4.7440983,231
Vuelta,41.6331018,-4.743122,232
Vuelta,41.6329214,-4.741746,233
Vuelta,41.632775,-4.7404988,234
Vuelta,41.632761,-4.7403593,235
Vuelta,41.6327429,-4.7401876,236
Vuelta,41.632775,-4.7400696,237
Vuelta,41.6328632,-4.7400535,238
Vuelta,41.6332241,-4.7400026,239
Vuelta,41.6335609,-4.7399355,240
Vuelta,41.6338495,-4.7398711,241
Vuelta,41.6343487,-4.7397907,242
Vuelta,41.6347597,-4.739737,243
Vuelta,41.6350744,-4.7396727,244
Vuelta,41.6351786,-4.7396539,245
Vuelta,41.635347,-4.7395976,246
Vuelta,41.6355375,-4.739501,247
Vuelta,41.636189,-4.7392998,248
Vuelta,41.636648,-4.7391389,249
Vuelta,41.6369006,-4.7390423,250
Vuelta,41.6369868,-4.7389994,251
Vuelta,41.6378408,-4.7387312,252
Vuelta,41.6381775,-4.7386132,253
Vuelta,41.6388992,-4.7383101,254
Vuelta,41.6395106,-4.7380714,255
Vuelta,41.6400277,-4.7378622,256
Vuelta,41.6401028,-4.7378407,257
Vuelta,41.640184,-4.7378058,258
Vuelta,41.6403545,-4.7377227,259
Vuelta,41.6405449,-4.7376369,260
Vuelta,41.6406211,-4.7376047,261
Vuelta,41.6407253,-4.7375564,262
Vuelta,41.6407914,-4.7375215,263
Vuelta,41.6408496,-4.7375081,264
Vuelta,41.6409996,-4.7374517,265
Vuelta,41.6413023,-4.7373229,266
Vuelta,41.6418996,-4.737052,267
Vuelta,41.6423847,-4.7368026,268
Vuelta,41.6426994,-4.7365638,269
Vuelta,41.6430041,-4.7362205,270
Vuelta,41.6429921,-4.7361696,271
Vuelta,41.6429981,-4.736065,272
Vuelta,41.6431684,-4.7358557,273
Vuelta,41.6436515,-4.7352362,274
Vuelta,41.6439201,-4.7348901,275
Vuelta,41.6439201,-4.7348311,276
Vuelta,41.643874,-4.734697,277
Vuelta,41.6431444,-4.7333023,278
Vuelta,41.6429139,-4.7328651,279
Vuelta,41.6427175,-4.732503,280
Vuelta,41.6424709,-4.7320658,281
Vuelta,41.6423106,-4.7318941,282
Vuelta,41.6421943,-4.7318432,283
Vuelta,41.6420359,-4.7317573,284
Vuelta,41.6418395,-4.7316983,285
Vuelta,41.6415589,-4.7316071,286
Vuelta,41.6413204,-4.7315562,287
Vuelta,41.6412502,-4.7315642,288
Vuelta,41.6412081,-4.7316018,289
Vuelta,41.6411861,-4.7316608,290
Vuelta,41.641178,-4.7317842,291
Vuelta,41.6411339,-4.732452,292
Vuelta,41.6412201,-4.7324869,293
Vuelta,41.6413103,-4.7324869,294
Vuelta,41.6414266,-4.7325057,295
Vuelta,41.6415288,-4.7325727,296
Vuelta,41.641601,-4.7328383,297
Vuelta,41.6417253,-4.7334149,298
Vuelta,41.6418538,-4.7334745,299
Vuelta,41.6418155,-4.7335491,300
Vuelta,41.6417573,-4.7335772,301
Vuelta,41.6417072,-4.7335464,302
Vuelta,41.641595,-4.7334632,303
Vuelta,41.6415869,-4.7333237,304
Vuelta,41.6415368,-4.7328919,305
Vuelta,41.6414867,-4.7326827,306
Vuelta,41.6414186,-4.7325727,307
Vuelta,41.6413143,-4.7325593,308
Vuelta,41.641146,-4.7325405,309
Vuelta,41.6411059,-4.732613,310
Vuelta,41.6408453,-4.7373685,311
Vuelta,41.6409254,-4.7374329,312
Vuelta,41.6411079,-4.7373846,313
Vuelta,41.6424228,-4.7368026,314
Vuelta,41.6432005,-4.7359603,315
Vuelta,41.6439702,-4.7349599,316
Vuelta,41.6445435,-4.7342089,317
Vuelta,41.6449824,-4.7335678,318
Vuelta,41.6450105,-4.7335008,319
Vuelta,41.6449704,-4.7333827,320
Vuelta,41.6448221,-4.7331118,321
Vuelta,41.6446954,-4.7329033,322